%YAML:1.0
---
calibration_time: "Mon Oct 30 00:43:24 2017"
nframes: 5
image_width: 800
image_height: 600
board_width: 4
board_height: 11
square_size: 2.5000000372529030e-02
aspectRatio: 1.
flags: 2
camera_matrix: !!opencv-matrix
   rows: 3
   cols: 3
   dt: d
   data: [ 1.0651522850837466e+03, 0., 3.9353330769395410e+02, 0.,
       1.0651522850837466e+03, 2.6273427563054878e+02, 0., 0., 1. ]
distortion_coefficients: !!opencv-matrix
   rows: 5
   cols: 1
   dt: d
   data: [ -9.1182771190635906e-02, 1.6191563113897063e+00,
       -1.2628015769345632e-02, -2.1837721606483650e-04,
       -8.4511726564432390e+00 ]
avg_reprojection_error: 4.6273002398735380e-01
per_view_reprojection_errors: !!opencv-matrix
   rows: 5
   cols: 1
   dt: f
   data: [ 5.58170736e-01, 3.80780160e-01, 4.15604115e-01,
       3.95304739e-01, 5.33905089e-01 ]
extrinsic_parameters: !!opencv-matrix
   rows: 5
   cols: 6
   dt: d
   data: [ -9.2501223395228849e-01, -2.7759375932344660e-01,
       -5.4531620099765232e-01, -1.7601142077470705e-01,
       4.6248103655540272e-03, 6.3053295441385582e-01,
       -5.8639506185763834e-01, 5.4122621660015295e-02,
       -8.0011566979474991e-01, -1.8160949203437021e-01,
       4.5578099757052687e-03, 6.6522665421305860e-01,
       -2.5054298821054255e-01, -7.0155328576851450e-01,
       -4.9251356565899429e-01, -1.4728388316098295e-01,
       -4.9217340815713523e-02, 6.4531081148230540e-01,
       2.4579940403063211e-01, -3.9566687858259897e-01,
       -1.0545091655875489e+00, -1.5743605584660014e-01,
       4.9137651626865571e-02, 5.2994721401553080e-01,
       -5.6508209707795087e-01, 4.7580137973040765e-01,
       -3.6697453984496675e-01, -1.5858401900356112e-01,
       -5.2815087579024297e-02, 6.5817877142552361e-01 ]
image_points: !!opencv-matrix
   rows: 5
   cols: 44
   dt: "2f"
   data: [ 9.66863556e+01, 2.68883118e+02, 1.74642365e+02,
       2.43350784e+02, 2.47385605e+02, 2.19408783e+02, 3.15122681e+02,
       1.94084549e+02, 1.53077698e+02, 2.76378021e+02, 2.29555206e+02,
       2.50337067e+02, 3.01137360e+02, 2.25036377e+02, 3.67869568e+02,
       2.00333282e+02, 1.29514053e+02, 3.12313812e+02, 2.10405334e+02,
       2.84071411e+02, 2.85679199e+02, 2.57078918e+02, 3.55684235e+02,
       2.30408508e+02, 1.89293549e+02, 3.20948059e+02, 2.68718597e+02,
       2.91234436e+02, 3.42662231e+02, 2.63793213e+02, 4.11472015e+02,
       2.35559143e+02, 1.66228424e+02, 3.61478668e+02, 2.50378647e+02,
       3.28741150e+02, 3.28330170e+02, 2.98259705e+02, 4.00708160e+02,
       2.68944550e+02, 2.29992355e+02, 3.69569031e+02, 3.12563141e+02,
       3.36506683e+02, 3.88997620e+02, 3.06170441e+02, 4.59754730e+02,
       2.75357056e+02, 2.07658707e+02, 4.15735413e+02, 2.95173798e+02,
       3.77863983e+02, 3.76061523e+02, 3.44966705e+02, 4.50675476e+02,
       3.12257629e+02, 2.75994598e+02, 4.25015167e+02, 3.61729095e+02,
       3.87610626e+02, 4.40662109e+02, 3.53406769e+02, 5.13400818e+02,
       3.19498138e+02, 2.54763336e+02, 4.77242615e+02, 3.45876221e+02,
       4.34626312e+02, 4.29580750e+02, 3.97206146e+02, 5.06423584e+02,
       3.60552155e+02, 3.28453766e+02, 4.87978271e+02, 4.17351837e+02,
       4.45454407e+02, 4.98728180e+02, 4.05928101e+02, 5.73353516e+02,
       3.68469604e+02, 3.08805664e+02, 5.47468811e+02, 4.03636353e+02,
       4.98609589e+02, 4.90217285e+02, 4.54945923e+02, 5.69099426e+02,
       4.14855896e+02, 1.02759758e+02, 2.68888367e+02, 1.62142380e+02,
       2.14941193e+02, 2.20146622e+02, 1.62173050e+02, 2.75575958e+02,
       1.08739861e+02, 1.54428772e+02, 2.63702881e+02, 2.13888351e+02,
       2.09096298e+02, 2.71684021e+02, 1.55150238e+02, 3.27738495e+02,
       1.01818115e+02, 1.46330154e+02, 3.14814728e+02, 2.07498795e+02,
       2.58354401e+02, 2.67040436e+02, 2.02837494e+02, 3.24529236e+02,
       1.47768143e+02, 2.00694672e+02, 3.10165283e+02, 2.61713043e+02,
       2.52485565e+02, 3.21387604e+02, 1.96380081e+02, 3.78798645e+02,
       1.39902420e+02, 1.93660690e+02, 3.64732605e+02, 2.56265656e+02,
       3.04927673e+02, 3.17502533e+02, 2.46294159e+02, 3.76785767e+02,
       1.88695908e+02, 2.50371933e+02, 3.59880035e+02, 3.13420044e+02,
       2.99367950e+02, 3.75012390e+02, 2.40514069e+02, 4.34179840e+02,
       1.81516296e+02, 2.44742203e+02, 4.18318390e+02, 3.08961212e+02,
       3.54850311e+02, 3.72471466e+02, 2.93948944e+02, 4.33504791e+02,
       2.33333221e+02, 3.04679840e+02, 4.14099152e+02, 3.69719971e+02,
       3.50291718e+02, 4.33025940e+02, 2.88353333e+02, 4.93978973e+02,
       2.26659409e+02, 3.00354218e+02, 4.76510803e+02, 3.66696899e+02,
       4.09723541e+02, 4.32033875e+02, 3.45447479e+02, 4.94912567e+02,
       2.81723083e+02, 3.63905487e+02, 4.73233154e+02, 4.30883484e+02,
       4.05812469e+02, 4.95901215e+02, 3.39987732e+02, 5.58712708e+02,
       2.75318573e+02, 3.60882568e+02, 5.40058899e+02, 4.29532532e+02,
       4.69344055e+02, 4.96670593e+02, 4.00909698e+02, 5.61559509e+02,
       3.34379517e+02, 1.50542450e+02, 1.80309341e+02, 2.13785614e+02,
       1.57651840e+02, 2.71077026e+02, 1.37132706e+02, 3.24653076e+02,
       1.17096375e+02, 2.03109238e+02, 2.03262848e+02, 2.62308319e+02,
       1.80025970e+02, 3.16569244e+02, 1.58437607e+02, 3.66639771e+02,
       1.38372284e+02, 1.92098969e+02, 2.51369690e+02, 2.53209900e+02,
       2.25197128e+02, 3.08948700e+02, 2.01205994e+02, 3.60409943e+02,
       1.78797653e+02, 2.43595047e+02, 2.72789795e+02, 3.01263000e+02,
       2.45786682e+02, 3.53553192e+02, 2.21352676e+02, 4.02614777e+02,
       1.98078857e+02, 2.33627686e+02, 3.23094147e+02, 2.93327972e+02,
       2.92820465e+02, 3.47444733e+02, 2.65365662e+02, 3.97223053e+02,
       2.40061890e+02, 2.85111176e+02, 3.42218292e+02, 3.40777344e+02,
       3.11809082e+02, 3.91209747e+02, 2.84351898e+02, 4.38428223e+02,
       2.58432648e+02, 2.75958618e+02, 3.94684814e+02, 3.34197662e+02,
       3.60416992e+02, 3.85832428e+02, 3.30128845e+02, 4.33965149e+02,
       3.01853424e+02, 3.26603485e+02, 4.12086182e+02, 3.80323975e+02,
       3.78212982e+02, 4.28834198e+02, 3.47553070e+02, 4.74315002e+02,
       3.18908783e+02, 3.18683746e+02, 4.66434723e+02, 3.74700867e+02,
       4.28711884e+02, 4.24388672e+02, 3.95018768e+02, 4.70760101e+02,
       3.63768097e+02, 3.68275940e+02, 4.82168427e+02, 4.19955811e+02,
       4.44850281e+02, 4.67014008e+02, 4.10802368e+02, 5.10597809e+02,
       3.79512421e+02, 3.61665955e+02, 5.38387939e+02, 4.15555237e+02,
       4.97032928e+02, 4.63819397e+02, 4.59726654e+02, 5.07686310e+02,
       4.25846924e+02, 7.87370300e+01, 3.60501373e+02, 1.26087837e+02,
       2.72287842e+02, 1.72051910e+02, 1.86980103e+02, 2.17735336e+02,
       1.04210732e+02, 1.46261734e+02, 3.38310181e+02, 1.91357880e+02,
       2.52730591e+02, 2.35475159e+02, 1.69944977e+02, 2.78878113e+02,
       8.95758591e+01, 1.66342758e+02, 4.03066132e+02, 2.10445648e+02,
       3.17234375e+02, 2.53601913e+02, 2.34164474e+02, 2.96209229e+02,
       1.53731064e+02, 2.29180618e+02, 3.80447418e+02, 2.71633118e+02,
       2.97251648e+02, 3.12814545e+02, 2.16550476e+02, 3.54183258e+02,
       1.38181168e+02, 2.47719040e+02, 4.42395844e+02, 2.89429199e+02,
       3.59149078e+02, 3.30109253e+02, 2.78203857e+02, 3.70173737e+02,
       1.99766678e+02, 3.07134949e+02, 4.19904266e+02, 3.46958221e+02,
       3.38902374e+02, 3.85481506e+02, 2.60224487e+02, 4.24338531e+02,
       1.83771133e+02, 3.24082672e+02, 4.79224213e+02, 3.63810669e+02,
       3.98364685e+02, 4.01466705e+02, 3.19441772e+02, 4.39235687e+02,
       2.43010101e+02, 3.79782196e+02, 4.56600494e+02, 4.17247101e+02,
       3.77712311e+02, 4.53511505e+02, 3.01021301e+02, 4.89959991e+02,
       2.26604828e+02, 3.95543976e+02, 5.13582214e+02, 4.32888885e+02,
       4.34872314e+02, 4.68325714e+02, 3.57922211e+02, 5.03910553e+02,
       2.83480408e+02, 4.47743500e+02, 4.90857971e+02, 4.83106140e+02,
       4.14055817e+02, 5.17590027e+02, 3.39383698e+02, 5.51846924e+02,
       2.66712799e+02, 4.62424042e+02, 5.45695740e+02, 4.97795624e+02,
